solid OpenSCAD_Model
  facet normal 1 -0 0
    outer loop
      vertex -1.48407 11.5952 0.170963
      vertex -1.48407 11.7251 0.0750256
      vertex -1.48407 11.7251 0.170963
    endloop
  endfacet
  facet normal 1 0 0
    outer loop
      vertex -1.48407 11.7251 0.0750256
      vertex -1.48407 11.5952 0.170963
      vertex -1.48407 11.5952 0.0750256
    endloop
  endfacet
  facet normal -1 0 0
    outer loop
      vertex -1.48407 11.5952 0.0750256
      vertex -1.48407 11.7251 0.170963
      vertex -1.48407 11.7251 0.0750256
    endloop
  endfacet
  facet normal -1 -0 0
    outer loop
      vertex -1.48407 11.7251 0.170963
      vertex -1.48407 11.5952 0.0750256
      vertex -1.48407 11.5952 0.170963
    endloop
  endfacet
  facet normal 0.0187066 0.948733 0.315524
    outer loop
      vertex -0.628189 11.5409 0.0567522
      vertex -1.18607 11.5519 0.0567522
      vertex -0.628189 11.4299 0.390512
    endloop
  endfacet
  facet normal -0.0187066 -0.948733 -0.315524
    outer loop
      vertex -0.628189 11.5409 0.0567522
      vertex -0.628189 11.4299 0.390512
      vertex -1.18607 11.5519 0.0567522
    endloop
  endfacet
  facet normal 0.162197 0.982814 0.0881375
    outer loop
      vertex -1.18607 11.5519 0.0567522
      vertex -1.20621 11.5271 0.370358
      vertex -0.628189 11.4299 0.390512
    endloop
  endfacet
  facet normal -0.162197 -0.982814 -0.0881375
    outer loop
      vertex -1.18607 11.5519 0.0567522
      vertex -0.628189 11.4299 0.390512
      vertex -1.20621 11.5271 0.370358
    endloop
  endfacet
  facet normal 0.230389 0.970532 -0.0706308
    outer loop
      vertex -0.628189 11.4594 0.948389
      vertex -1.05029 11.5596 0.948389
      vertex -0.628189 11.5 1.50627
    endloop
  endfacet
  facet normal -0.230389 -0.970532 0.0706308
    outer loop
      vertex -0.628189 11.4594 0.948389
      vertex -0.628189 11.5 1.50627
      vertex -1.05029 11.5596 0.948389
    endloop
  endfacet
  facet normal 0.236158 0.968802 -0.0751805
    outer loop
      vertex -0.628189 11.5 1.50627
      vertex -1.05029 11.5596 0.948389
      vertex -0.990837 11.5884 1.50627
    endloop
  endfacet
  facet normal -0.236158 -0.968802 0.0751805
    outer loop
      vertex -0.628189 11.5 1.50627
      vertex -0.990837 11.5884 1.50627
      vertex -1.05029 11.5596 0.948389
    endloop
  endfacet
  facet normal 0.89829 -0.239026 0.368703
    outer loop
      vertex -1.21249 12.4866 0.390512
      vertex -1.35549 11.9181 0.370358
      vertex -1.22227 11.9181 0.0457878
    endloop
  endfacet
  facet normal -0.89829 0.239026 -0.368703
    outer loop
      vertex -1.21249 12.4866 0.390512
      vertex -1.22227 11.9181 0.0457878
      vertex -1.35549 11.9181 0.370358
    endloop
  endfacet
  facet normal 0.924921 -0.20862 0.317803
    outer loop
      vertex -1.21249 12.4866 0.390512
      vertex -1.22227 11.9181 0.0457878
      vertex -1.09781 12.4866 0.0567522
    endloop
  endfacet
  facet normal -0.924921 0.20862 -0.317803
    outer loop
      vertex -1.21249 12.4866 0.390512
      vertex -1.09781 12.4866 0.0567522
      vertex -1.22227 11.9181 0.0457878
    endloop
  endfacet
  facet normal 0.115832 -0.0444963 0.992272
    outer loop
      vertex -1.09781 12.4866 0.0567522
      vertex -1.22227 11.9181 0.0457878
      vertex -0.628189 12.4866 0.00193119
    endloop
  endfacet
  facet normal -0.115832 0.0444963 -0.992272
    outer loop
      vertex -1.09781 12.4866 0.0567522
      vertex -0.628189 12.4866 0.00193119
      vertex -1.22227 11.9181 0.0457878
    endloop
  endfacet
  facet normal 0.0736223 0 0.997286
    outer loop
      vertex -0.628189 12.4866 0.00193119
      vertex -1.22227 11.9181 0.0457878
      vertex -0.628189 11.9288 0.00193119
    endloop
  endfacet
  facet normal -0.0736223 -0 -0.997286
    outer loop
      vertex -0.628189 12.4866 0.00193119
      vertex -0.628189 11.9288 0.00193119
      vertex -1.22227 11.9181 0.0457878
    endloop
  endfacet
  facet normal 0.973714 -0.120931 -0.193021
    outer loop
      vertex -1.04968 11.9288 1.50627
      vertex -1.16027 11.9288 0.948389
      vertex -0.964706 12.5393 1.55244
    endloop
  endfacet
  facet normal -0.973714 0.120931 0.193021
    outer loop
      vertex -1.04968 11.9288 1.50627
      vertex -0.964706 12.5393 1.55244
      vertex -1.16027 11.9288 0.948389
    endloop
  endfacet
  facet normal 0.975008 -0.152054 -0.161985
    outer loop
      vertex -0.964706 12.5393 1.55244
      vertex -1.16027 11.9288 0.948389
      vertex -1.07328 12.4866 0.948389
    endloop
  endfacet
  facet normal -0.975008 0.152054 0.161985
    outer loop
      vertex -0.964706 12.5393 1.55244
      vertex -1.07328 12.4866 0.948389
      vertex -1.16027 11.9288 0.948389
    endloop
  endfacet
  facet normal -0.0873208 0.99184 0.0928939
    outer loop
      vertex 0.371666 11.5907 0.0750256
      vertex -0.0703125 11.5535 0.0567522
      vertex 0.402878 11.5639 0.390512
    endloop
  endfacet
  facet normal 0.0873208 -0.99184 -0.0928939
    outer loop
      vertex 0.371666 11.5907 0.0750256
      vertex 0.402878 11.5639 0.390512
      vertex -0.0703125 11.5535 0.0567522
    endloop
  endfacet
  facet normal -0.212953 0.938242 0.272679
    outer loop
      vertex -0.0703125 11.5535 0.0567522
      vertex -0.0703125 11.4565 0.390512
      vertex 0.402878 11.5639 0.390512
    endloop
  endfacet
  facet normal 0.212953 -0.938242 -0.272679
    outer loop
      vertex -0.0703125 11.5535 0.0567522
      vertex 0.402878 11.5639 0.390512
      vertex -0.0703125 11.4565 0.390512
    endloop
  endfacet
  facet normal -0.268348 0.944798 -0.188006
    outer loop
      vertex 0.282471 11.6064 0.948389
      vertex -0.0703125 11.5062 0.948389
      vertex 0.211128 11.6474 1.25626
    endloop
  endfacet
  facet normal 0.268348 -0.944798 0.188006
    outer loop
      vertex 0.282471 11.6064 0.948389
      vertex 0.211128 11.6474 1.25626
      vertex -0.0703125 11.5062 0.948389
    endloop
  endfacet
  facet normal -0.362931 0.92712 -0.0934343
    outer loop
      vertex 0.211128 11.6474 1.25626
      vertex -0.0703125 11.5062 0.948389
      vertex -0.0213928 11.5777 1.46784
    endloop
  endfacet
  facet normal 0.362931 -0.92712 0.0934343
    outer loop
      vertex 0.211128 11.6474 1.25626
      vertex -0.0213928 11.5777 1.46784
      vertex -0.0703125 11.5062 0.948389
    endloop
  endfacet
  facet normal -0.955076 -0.134721 0.263971
    outer loop
      vertex 0.483131 12.4866 0.390512
      vertex 0.390884 12.4866 0.0567522
      vertex 0.561813 11.9288 0.390512
    endloop
  endfacet
  facet normal 0.955076 0.134721 -0.263971
    outer loop
      vertex 0.483131 12.4866 0.390512
      vertex 0.561813 11.9288 0.390512
      vertex 0.390884 12.4866 0.0567522
    endloop
  endfacet
  facet normal -0.930169 -0.0693124 0.36053
    outer loop
      vertex 0.561813 11.9288 0.390512
      vertex 0.390884 12.4866 0.0567522
      vertex 0.432449 11.9288 0.0567522
    endloop
  endfacet
  facet normal 0.930169 0.0693124 -0.36053
    outer loop
      vertex 0.561813 11.9288 0.390512
      vertex 0.432449 11.9288 0.0567522
      vertex 0.390884 12.4866 0.0567522
    endloop
  endfacet
  facet normal -0.118036 0 0.993009
    outer loop
      vertex -0.0703125 12.4866 0.00193119
      vertex -0.0703125 11.9288 0.00193119
      vertex 0.390884 12.4866 0.0567522
    endloop
  endfacet
  facet normal 0.118036 0 -0.993009
    outer loop
      vertex -0.0703125 12.4866 0.00193119
      vertex 0.390884 12.4866 0.0567522
      vertex -0.0703125 11.9288 0.00193119
    endloop
  endfacet
  facet normal -0.108394 -0.00807706 0.994075
    outer loop
      vertex 0.390884 12.4866 0.0567522
      vertex -0.0703125 11.9288 0.00193119
      vertex 0.432449 11.9288 0.0567522
    endloop
  endfacet
  facet normal 0.108394 0.00807706 -0.994075
    outer loop
      vertex 0.390884 12.4866 0.0567522
      vertex 0.432449 11.9288 0.0567522
      vertex -0.0703125 11.9288 0.00193119
    endloop
  endfacet
  facet normal -0.994265 0.0188857 -0.105268
    outer loop
      vertex 0.304573 12.5354 0.995286
      vertex 0.242073 11.879 1.46784
      vertex 0.24855 12.4342 1.50627
    endloop
  endfacet
  facet normal 0.994265 -0.0188857 0.105268
    outer loop
      vertex 0.304573 12.5354 0.995286
      vertex 0.24855 12.4342 1.50627
      vertex 0.242073 11.879 1.46784
    endloop
  endfacet
  facet normal -0.966972 -0.0817325 -0.241422
    outer loop
      vertex 0.367554 11.9288 0.948389
      vertex 0.242073 11.879 1.46784
      vertex 0.304573 12.5354 0.995286
    endloop
  endfacet
  facet normal 0.966972 0.0817325 0.241422
    outer loop
      vertex 0.367554 11.9288 0.948389
      vertex 0.304573 12.5354 0.995286
      vertex 0.242073 11.879 1.46784
    endloop
  endfacet
  facet normal -0.972318 -0.184657 -0.143174
    outer loop
      vertex 0.24855 12.4342 1.50627
      vertex 0.195564 12.7132 1.50627
      vertex 0.304573 12.5354 0.995286
    endloop
  endfacet
  facet normal 0.972318 0.184657 0.143174
    outer loop
      vertex 0.24855 12.4342 1.50627
      vertex 0.304573 12.5354 0.995286
      vertex 0.195564 12.7132 1.50627
    endloop
  endfacet
  facet normal -0.936988 -0.339675 -0.081697
    outer loop
      vertex 0.304573 12.5354 0.995286
      vertex 0.195564 12.7132 1.50627
      vertex 0.206459 12.7538 1.21251
    endloop
  endfacet
  facet normal 0.936988 0.339675 0.081697
    outer loop
      vertex 0.304573 12.5354 0.995286
      vertex 0.206459 12.7538 1.21251
      vertex 0.195564 12.7132 1.50627
    endloop
  endfacet
  facet normal -0.0216832 0.960042 0.279015
    outer loop
      vertex -0.0703125 11.5535 0.0567522
      vertex -0.628189 11.5409 0.0567522
      vertex -0.0703125 11.4565 0.390512
    endloop
  endfacet
  facet normal 0.0216832 -0.960042 -0.279015
    outer loop
      vertex -0.0703125 11.5535 0.0567522
      vertex -0.0703125 11.4565 0.390512
      vertex -0.628189 11.5409 0.0567522
    endloop
  endfacet
  facet normal -0.045198 0.947929 0.315257
    outer loop
      vertex -0.628189 11.5409 0.0567522
      vertex -0.628189 11.4299 0.390512
      vertex -0.0703125 11.4565 0.390512
    endloop
  endfacet
  facet normal 0.045198 -0.947929 -0.315257
    outer loop
      vertex -0.628189 11.5409 0.0567522
      vertex -0.0703125 11.4565 0.390512
      vertex -0.628189 11.4299 0.390512
    endloop
  endfacet
  facet normal -0.0829058 0.988274 -0.128224
    outer loop
      vertex -0.0703125 11.5062 0.948389
      vertex -0.628189 11.4594 0.948389
      vertex -0.0213928 11.5777 1.46784
    endloop
  endfacet
  facet normal 0.0829058 -0.988274 0.128224
    outer loop
      vertex -0.0703125 11.5062 0.948389
      vertex -0.0213928 11.5777 1.46784
      vertex -0.628189 11.4594 0.948389
    endloop
  endfacet
  facet normal -0.131166 0.988746 -0.0719563
    outer loop
      vertex -0.0213928 11.5777 1.46784
      vertex -0.628189 11.4594 0.948389
      vertex -0.628189 11.5 1.50627
    endloop
  endfacet
  facet normal 0.131166 -0.988746 0.0719563
    outer loop
      vertex -0.0213928 11.5777 1.46784
      vertex -0.628189 11.5 1.50627
      vertex -0.628189 11.4594 0.948389
    endloop
  endfacet
  facet normal 0 0 1
    outer loop
      vertex -0.628189 12.4866 0.00193119
      vertex -0.0703125 12.4866 0.00193119
      vertex -0.0703125 13.0445 0.00193119
    endloop
  endfacet
  facet normal 0 0 1
    outer loop
      vertex -0.628189 12.4866 0.00193119
      vertex -0.0703125 13.0445 0.00193119
      vertex -0.628189 13.0445 0.00193119
    endloop
  endfacet
  facet normal 0 0 1
    outer loop
      vertex -0.0703125 12.4866 0.00193119
      vertex -0.628189 12.4866 0.00193119
      vertex -0.0703125 11.9288 0.00193119
    endloop
  endfacet
  facet normal 0 0 1
    outer loop
      vertex -0.0703125 11.9288 0.00193119
      vertex -0.628189 12.4866 0.00193119
      vertex -0.628189 11.9288 0.00193119
    endloop
  endfacet
  facet normal 0 0 -1
    outer loop
      vertex -0.628189 12.4866 0.00193119
      vertex -0.0703125 12.4866 0.00193119
      vertex -0.0703125 11.9288 0.00193119
    endloop
  endfacet
  facet normal 0 0 -1
    outer loop
      vertex -0.628189 12.4866 0.00193119
      vertex -0.0703125 11.9288 0.00193119
      vertex -0.628189 11.9288 0.00193119
    endloop
  endfacet
  facet normal 0 0 -1
    outer loop
      vertex -0.0703125 12.4866 0.00193119
      vertex -0.628189 12.4866 0.00193119
      vertex -0.0703125 13.0445 0.00193119
    endloop
  endfacet
  facet normal -0 0 -1
    outer loop
      vertex -0.0703125 13.0445 0.00193119
      vertex -0.628189 12.4866 0.00193119
      vertex -0.628189 13.0445 0.00193119
    endloop
  endfacet
  facet normal 0.0729081 0.0370479 0.99665
    outer loop
      vertex -0.628189 11.9288 0.00193119
      vertex -1.22227 11.9181 0.0457878
      vertex -1.18607 11.5519 0.0567522
    endloop
  endfacet
  facet normal -0.0729081 -0.0370479 -0.99665
    outer loop
      vertex -0.628189 11.9288 0.00193119
      vertex -1.18607 11.5519 0.0567522
      vertex -1.22227 11.9181 0.0457878
    endloop
  endfacet
  facet normal 0.00275919 0.139937 0.990157
    outer loop
      vertex -0.628189 11.9288 0.00193119
      vertex -1.18607 11.5519 0.0567522
      vertex -0.628189 11.5409 0.0567522
    endloop
  endfacet
  facet normal -0.00275919 -0.139937 -0.990157
    outer loop
      vertex -0.628189 11.9288 0.00193119
      vertex -0.628189 11.5409 0.0567522
      vertex -1.18607 11.5519 0.0567522
    endloop
  endfacet
  facet normal -0.863887 0.376273 0.334839
    outer loop
      vertex 0.432449 11.9288 0.0567522
      vertex 0.402878 11.5639 0.390512
      vertex 0.561813 11.9288 0.390512
    endloop
  endfacet
  facet normal 0.863887 -0.376273 -0.334839
    outer loop
      vertex 0.432449 11.9288 0.0567522
      vertex 0.561813 11.9288 0.390512
      vertex 0.402878 11.5639 0.390512
    endloop
  endfacet
  facet normal -0.976947 0.181692 0.112087
    outer loop
      vertex 0.432449 11.9288 0.0567522
      vertex 0.371666 11.5907 0.0750256
      vertex 0.402878 11.5639 0.390512
    endloop
  endfacet
  facet normal 0.976947 -0.181692 -0.112087
    outer loop
      vertex 0.432449 11.9288 0.0567522
      vertex 0.402878 11.5639 0.390512
      vertex 0.371666 11.5907 0.0750256
    endloop
  endfacet
  facet normal -0.107272 0.143705 0.983789
    outer loop
      vertex -0.0703125 11.9288 0.00193119
      vertex -0.0703125 11.5535 0.0567522
      vertex 0.432449 11.9288 0.0567522
    endloop
  endfacet
  facet normal 0.107272 -0.143705 -0.983789
    outer loop
      vertex -0.0703125 11.9288 0.00193119
      vertex 0.432449 11.9288 0.0567522
      vertex -0.0703125 11.5535 0.0567522
    endloop
  endfacet
  facet normal -0.0464579 0.0622362 0.99698
    outer loop
      vertex 0.432449 11.9288 0.0567522
      vertex -0.0703125 11.5535 0.0567522
      vertex 0.371666 11.5907 0.0750256
    endloop
  endfacet
  facet normal 0.0464579 -0.0622362 -0.99698
    outer loop
      vertex 0.432449 11.9288 0.0567522
      vertex 0.371666 11.5907 0.0750256
      vertex -0.0703125 11.5535 0.0567522
    endloop
  endfacet
  facet normal 0.979066 0.169246 -0.113075
    outer loop
      vertex -0.990837 11.5884 1.50627
      vertex -1.05029 11.5596 0.948389
      vertex -1.04968 11.9288 1.50627
    endloop
  endfacet
  facet normal -0.979066 -0.169246 0.113075
    outer loop
      vertex -0.990837 11.5884 1.50627
      vertex -1.04968 11.9288 1.50627
      vertex -1.05029 11.5596 0.948389
    endloop
  endfacet
  facet normal 0.941541 0.280473 -0.186644
    outer loop
      vertex -1.05029 11.5596 0.948389
      vertex -1.16027 11.9288 0.948389
      vertex -1.04968 11.9288 1.50627
    endloop
  endfacet
  facet normal -0.941541 -0.280473 0.186644
    outer loop
      vertex -1.05029 11.5596 0.948389
      vertex -1.04968 11.9288 1.50627
      vertex -1.16027 11.9288 0.948389
    endloop
  endfacet
  facet normal -0.932358 0.30373 -0.196106
    outer loop
      vertex 0.367554 11.9288 0.948389
      vertex 0.211128 11.6474 1.25626
      vertex 0.242073 11.879 1.46784
    endloop
  endfacet
  facet normal 0.932358 -0.30373 0.196106
    outer loop
      vertex 0.367554 11.9288 0.948389
      vertex 0.242073 11.879 1.46784
      vertex 0.211128 11.6474 1.25626
    endloop
  endfacet
  facet normal -0.936229 0.247076 -0.249856
    outer loop
      vertex 0.282471 11.6064 0.948389
      vertex 0.211128 11.6474 1.25626
      vertex 0.367554 11.9288 0.948389
    endloop
  endfacet
  facet normal 0.936229 -0.247076 0.249856
    outer loop
      vertex 0.282471 11.6064 0.948389
      vertex 0.367554 11.9288 0.948389
      vertex 0.211128 11.6474 1.25626
    endloop
  endfacet
  facet normal -0.984445 0.170451 -0.0425981
    outer loop
      vertex 0.211128 11.6474 1.25626
      vertex 0.197182 11.6598 1.62817
      vertex 0.242073 11.879 1.46784
    endloop
  endfacet
  facet normal 0.984445 -0.170451 0.0425981
    outer loop
      vertex 0.211128 11.6474 1.25626
      vertex 0.242073 11.879 1.46784
      vertex 0.197182 11.6598 1.62817
    endloop
  endfacet
  facet normal -0.323085 0.945363 -0.0436349
    outer loop
      vertex 0.211128 11.6474 1.25626
      vertex -0.0213928 11.5777 1.46784
      vertex 0.197182 11.6598 1.62817
    endloop
  endfacet
  facet normal 0.323085 -0.945363 0.0436349
    outer loop
      vertex 0.211128 11.6474 1.25626
      vertex 0.197182 11.6598 1.62817
      vertex -0.0213928 11.5777 1.46784
    endloop
  endfacet
  facet normal 0.167372 0.984518 -0.0520604
    outer loop
      vertex -0.628189 11.4299 0.390512
      vertex -1.20621 11.5271 0.370358
      vertex -0.628189 11.4594 0.948389
    endloop
  endfacet
  facet normal -0.167372 -0.984518 0.0520604
    outer loop
      vertex -0.628189 11.4299 0.390512
      vertex -0.628189 11.4594 0.948389
      vertex -1.20621 11.5271 0.370358
    endloop
  endfacet
  facet normal 0.229401 0.966369 -0.116214
    outer loop
      vertex -0.628189 11.4594 0.948389
      vertex -1.20621 11.5271 0.370358
      vertex -1.05029 11.5596 0.948389
    endloop
  endfacet
  facet normal -0.229401 -0.966369 0.116214
    outer loop
      vertex -0.628189 11.4594 0.948389
      vertex -1.05029 11.5596 0.948389
      vertex -1.20621 11.5271 0.370358
    endloop
  endfacet
  facet normal 0.93805 -0.146291 -0.314102
    outer loop
      vertex -1.16027 11.9288 0.948389
      vertex -1.35549 11.9181 0.370358
      vertex -1.07328 12.4866 0.948389
    endloop
  endfacet
  facet normal -0.93805 0.146291 0.314102
    outer loop
      vertex -1.16027 11.9288 0.948389
      vertex -1.07328 12.4866 0.948389
      vertex -1.35549 11.9181 0.370358
    endloop
  endfacet
  facet normal 0.944419 -0.229204 -0.235666
    outer loop
      vertex -1.07328 12.4866 0.948389
      vertex -1.35549 11.9181 0.370358
      vertex -1.21249 12.4866 0.390512
    endloop
  endfacet
  facet normal -0.944419 0.229204 0.235666
    outer loop
      vertex -1.07328 12.4866 0.948389
      vertex -1.21249 12.4866 0.390512
      vertex -1.35549 11.9181 0.370358
    endloop
  endfacet
  facet normal -0.21971 0.968012 -0.121165
    outer loop
      vertex 0.402878 11.5639 0.390512
      vertex -0.0703125 11.4565 0.390512
      vertex 0.282471 11.6064 0.948389
    endloop
  endfacet
  facet normal 0.21971 -0.968012 0.121165
    outer loop
      vertex 0.402878 11.5639 0.390512
      vertex 0.282471 11.6064 0.948389
      vertex -0.0703125 11.4565 0.390512
    endloop
  endfacet
  facet normal -0.272222 0.958439 -0.0853851
    outer loop
      vertex 0.282471 11.6064 0.948389
      vertex -0.0703125 11.4565 0.390512
      vertex -0.0703125 11.5062 0.948389
    endloop
  endfacet
  facet normal 0.272222 -0.958439 0.0853851
    outer loop
      vertex 0.282471 11.6064 0.948389
      vertex -0.0703125 11.5062 0.948389
      vertex -0.0703125 11.4565 0.390512
    endloop
  endfacet
  facet normal -0.957838 -0.0780722 -0.276499
    outer loop
      vertex 0.367554 11.9288 0.948389
      vertex 0.304573 12.5354 0.995286
      vertex 0.483131 12.4866 0.390512
    endloop
  endfacet
  facet normal 0.957838 0.0780722 0.276499
    outer loop
      vertex 0.367554 11.9288 0.948389
      vertex 0.483131 12.4866 0.390512
      vertex 0.304573 12.5354 0.995286
    endloop
  endfacet
  facet normal -0.936114 -0.132046 -0.325966
    outer loop
      vertex 0.561813 11.9288 0.390512
      vertex 0.367554 11.9288 0.948389
      vertex 0.483131 12.4866 0.390512
    endloop
  endfacet
  facet normal 0.936114 0.132046 0.325966
    outer loop
      vertex 0.561813 11.9288 0.390512
      vertex 0.483131 12.4866 0.390512
      vertex 0.367554 11.9288 0.948389
    endloop
  endfacet
  facet normal 0.924179 0.275301 -0.26477
    outer loop
      vertex -1.05029 11.5596 0.948389
      vertex -1.20621 11.5271 0.370358
      vertex -1.16027 11.9288 0.948389
    endloop
  endfacet
  facet normal -0.924179 -0.275301 0.26477
    outer loop
      vertex -1.05029 11.5596 0.948389
      vertex -1.16027 11.9288 0.948389
      vertex -1.20621 11.5271 0.370358
    endloop
  endfacet
  facet normal 0.889231 0.3395 -0.306607
    outer loop
      vertex -1.20621 11.5271 0.370358
      vertex -1.35549 11.9181 0.370358
      vertex -1.16027 11.9288 0.948389
    endloop
  endfacet
  facet normal -0.889231 -0.3395 0.306607
    outer loop
      vertex -1.20621 11.5271 0.370358
      vertex -1.16027 11.9288 0.948389
      vertex -1.35549 11.9181 0.370358
    endloop
  endfacet
  facet normal -0.916353 0.24183 -0.319084
    outer loop
      vertex 0.561813 11.9288 0.390512
      vertex 0.282471 11.6064 0.948389
      vertex 0.367554 11.9288 0.948389
    endloop
  endfacet
  facet normal 0.916353 -0.24183 0.319084
    outer loop
      vertex 0.561813 11.9288 0.390512
      vertex 0.367554 11.9288 0.948389
      vertex 0.282471 11.6064 0.948389
    endloop
  endfacet
  facet normal -0.893813 0.389307 -0.22257
    outer loop
      vertex 0.402878 11.5639 0.390512
      vertex 0.282471 11.6064 0.948389
      vertex 0.561813 11.9288 0.390512
    endloop
  endfacet
  facet normal 0.893813 -0.389307 0.22257
    outer loop
      vertex 0.402878 11.5639 0.390512
      vertex 0.561813 11.9288 0.390512
      vertex 0.282471 11.6064 0.948389
    endloop
  endfacet
  facet normal -0.0474392 0.994934 -0.0886364
    outer loop
      vertex -0.0703125 11.4565 0.390512
      vertex -0.628189 11.4299 0.390512
      vertex -0.0703125 11.5062 0.948389
    endloop
  endfacet
  facet normal 0.0474392 -0.994934 0.0886364
    outer loop
      vertex -0.0703125 11.4565 0.390512
      vertex -0.0703125 11.5062 0.948389
      vertex -0.628189 11.4299 0.390512
    endloop
  endfacet
  facet normal -0.0834801 0.995119 -0.0526209
    outer loop
      vertex -0.0703125 11.5062 0.948389
      vertex -0.628189 11.4299 0.390512
      vertex -0.628189 11.4594 0.948389
    endloop
  endfacet
  facet normal 0.0834801 -0.995119 0.0526209
    outer loop
      vertex -0.0703125 11.5062 0.948389
      vertex -0.628189 11.4594 0.948389
      vertex -0.628189 11.4299 0.390512
    endloop
  endfacet
  facet normal -0 0.139937 0.99016
    outer loop
      vertex -0.628189 11.9288 0.00193119
      vertex -0.628189 11.5409 0.0567522
      vertex -0.0703125 11.9288 0.00193119
    endloop
  endfacet
  facet normal 0 -0.139937 -0.99016
    outer loop
      vertex -0.628189 11.9288 0.00193119
      vertex -0.0703125 11.9288 0.00193119
      vertex -0.628189 11.5409 0.0567522
    endloop
  endfacet
  facet normal -0.00326448 0.144538 0.989494
    outer loop
      vertex -0.0703125 11.9288 0.00193119
      vertex -0.628189 11.5409 0.0567522
      vertex -0.0703125 11.5535 0.0567522
    endloop
  endfacet
  facet normal 0.00326448 -0.144538 -0.989494
    outer loop
      vertex -0.0703125 11.9288 0.00193119
      vertex -0.0703125 11.5535 0.0567522
      vertex -0.628189 11.5409 0.0567522
    endloop
  endfacet
  facet normal 0.956732 -0.27589 0.0924563
    outer loop
      vertex -0.910683 13.3285 0.130038
      vertex -1.00426 13.0763 0.345802
      vertex -0.985497 13.0445 0.0567522
    endloop
  endfacet
  facet normal -0.956732 0.27589 -0.0924563
    outer loop
      vertex -0.910683 13.3285 0.130038
      vertex -0.985497 13.0445 0.0567522
      vertex -1.00426 13.0763 0.345802
    endloop
  endfacet
  facet normal 0.96701 -0.254739 0
    outer loop
      vertex -0.910683 13.3285 0.130038
      vertex -0.985497 13.0445 0.0567522
      vertex -0.910683 13.3285 0.0750256
    endloop
  endfacet
  facet normal -0.96701 0.254739 0
    outer loop
      vertex -0.910683 13.3285 0.130038
      vertex -0.910683 13.3285 0.0750256
      vertex -0.985497 13.0445 0.0567522
    endloop
  endfacet
  facet normal 0.593444 -0.780081 0.198238
    outer loop
      vertex -0.633232 13.6004 0.369408
      vertex -0.910683 13.3285 0.130038
      vertex -0.591904 13.5496 0.0457878
    endloop
  endfacet
  facet normal -0.593444 0.780081 -0.198238
    outer loop
      vertex -0.633232 13.6004 0.369408
      vertex -0.591904 13.5496 0.0457878
      vertex -0.910683 13.3285 0.130038
    endloop
  endfacet
  facet normal 0.569919 -0.821701 0
    outer loop
      vertex -0.910683 13.3285 0.130038
      vertex -0.910683 13.3285 0.0750256
      vertex -0.591904 13.5496 0.0457878
    endloop
  endfacet
  facet normal -0.569919 0.821701 0
    outer loop
      vertex -0.910683 13.3285 0.130038
      vertex -0.591904 13.5496 0.0457878
      vertex -0.910683 13.3285 0.0750256
    endloop
  endfacet
  facet normal 0.163621 -0.10621 0.980789
    outer loop
      vertex -0.910683 13.3285 0.0750256
      vertex -0.985497 13.0445 0.0567522
      vertex -0.591904 13.5496 0.0457878
    endloop
  endfacet
  facet normal -0.163621 0.10621 -0.980789
    outer loop
      vertex -0.910683 13.3285 0.0750256
      vertex -0.591904 13.5496 0.0457878
      vertex -0.985497 13.0445 0.0567522
    endloop
  endfacet
  facet normal 0.150949 -0.0962685 0.983843
    outer loop
      vertex -0.591904 13.5496 0.0457878
      vertex -0.985497 13.0445 0.0567522
      vertex -0.628189 13.0445 0.00193119
    endloop
  endfacet
  facet normal -0.150949 0.0962685 -0.983843
    outer loop
      vertex -0.591904 13.5496 0.0457878
      vertex -0.628189 13.0445 0.00193119
      vertex -0.985497 13.0445 0.0567522
    endloop
  endfacet
  facet normal 0.749251 -0.649196 -0.131028
    outer loop
      vertex -0.88472 13.2834 0.501956
      vertex -0.910683 13.3285 0.130038
      vertex -0.633232 13.6004 0.369408
    endloop
  endfacet
  facet normal -0.749251 0.649196 0.131028
    outer loop
      vertex -0.88472 13.2834 0.501956
      vertex -0.633232 13.6004 0.369408
      vertex -0.910683 13.3285 0.130038
    endloop
  endfacet
  facet normal 0.895355 -0.430333 -0.114687
    outer loop
      vertex -0.88472 13.2834 0.501956
      vertex -1.00426 13.0763 0.345802
      vertex -0.910683 13.3285 0.130038
    endloop
  endfacet
  facet normal -0.895355 0.430333 0.114687
    outer loop
      vertex -0.88472 13.2834 0.501956
      vertex -0.910683 13.3285 0.130038
      vertex -1.00426 13.0763 0.345802
    endloop
  endfacet
  facet normal 0.842874 -0.509734 -0.172435
    outer loop
      vertex -0.835884 13.0297 1.55244
      vertex -0.853386 13.2051 0.948389
      vertex -0.540169 13.5343 1.50627
    endloop
  endfacet
  facet normal -0.842874 0.509734 0.172435
    outer loop
      vertex -0.835884 13.0297 1.55244
      vertex -0.540169 13.5343 1.50627
      vertex -0.853386 13.2051 0.948389
    endloop
  endfacet
  facet normal 0.79084 -0.605882 -0.0864847
    outer loop
      vertex -0.540169 13.5343 1.50627
      vertex -0.853386 13.2051 0.948389
      vertex -0.57444 13.5692 0.948389
    endloop
  endfacet
  facet normal -0.79084 0.605882 0.0864847
    outer loop
      vertex -0.540169 13.5343 1.50627
      vertex -0.57444 13.5692 0.948389
      vertex -0.853386 13.2051 0.948389
    endloop
  endfacet
  facet normal 0.936883 -0.32757 -0.122263
    outer loop
      vertex -0.835884 13.0297 1.55244
      vertex -0.924629 12.8338 1.39726
      vertex -0.853386 13.2051 0.948389
    endloop
  endfacet
  facet normal -0.936883 0.32757 0.122263
    outer loop
      vertex -0.835884 13.0297 1.55244
      vertex -0.853386 13.2051 0.948389
      vertex -0.924629 12.8338 1.39726
    endloop
  endfacet
  facet normal 0.919277 -0.362318 -0.153801
    outer loop
      vertex -0.924629 12.8338 1.39726
      vertex -0.96331 12.9262 0.948389
      vertex -0.853386 13.2051 0.948389
    endloop
  endfacet
  facet normal -0.919277 0.362318 0.153801
    outer loop
      vertex -0.924629 12.8338 1.39726
      vertex -0.853386 13.2051 0.948389
      vertex -0.96331 12.9262 0.948389
    endloop
  endfacet
  facet normal -0.937723 -0.347384 -0
    outer loop
      vertex 0.209541 13.3245 0.128564
      vertex 0.209541 13.3245 0.0750256
      vertex 0.301636 13.0759 0.344919
    endloop
  endfacet
  facet normal 0.937723 0.347384 0
    outer loop
      vertex 0.209541 13.3245 0.128564
      vertex 0.301636 13.0759 0.344919
      vertex 0.209541 13.3245 0.0750256
    endloop
  endfacet
  facet normal -0.957574 -0.2798 0.069025
    outer loop
      vertex 0.301636 13.0759 0.344919
      vertex 0.209541 13.3245 0.0750256
      vertex 0.290039 13.0445 0.0567522
    endloop
  endfacet
  facet normal 0.957574 0.2798 -0.069025
    outer loop
      vertex 0.301636 13.0759 0.344919
      vertex 0.290039 13.0445 0.0567522
      vertex 0.209541 13.3245 0.0750256
    endloop
  endfacet
  facet normal -0.701278 -0.712888 -0
    outer loop
      vertex 0.209541 13.3245 0.128564
      vertex -0.0688934 13.5984 0.368671
      vertex 0.209541 13.3245 0.0750256
    endloop
  endfacet
  facet normal 0.701278 0.712888 0
    outer loop
      vertex 0.209541 13.3245 0.128564
      vertex 0.209541 13.3245 0.0750256
      vertex -0.0688934 13.5984 0.368671
    endloop
  endfacet
  facet normal -0.573345 -0.795045 0.197939
    outer loop
      vertex -0.0688934 13.5984 0.368671
      vertex -0.109505 13.5473 0.0457878
      vertex 0.209541 13.3245 0.0750256
    endloop
  endfacet
  facet normal 0.573345 0.795045 -0.197939
    outer loop
      vertex -0.0688934 13.5984 0.368671
      vertex 0.209541 13.3245 0.0750256
      vertex -0.109505 13.5473 0.0457878
    endloop
  endfacet
  facet normal -0.158508 -0.0980518 0.982477
    outer loop
      vertex 0.209541 13.3245 0.0750256
      vertex -0.109505 13.5473 0.0457878
      vertex -0.0703125 13.0445 0.00193119
    endloop
  endfacet
  facet normal 0.158508 0.0980518 -0.982477
    outer loop
      vertex 0.209541 13.3245 0.0750256
      vertex -0.0703125 13.0445 0.00193119
      vertex -0.109505 13.5473 0.0457878
    endloop
  endfacet
  facet normal -0.149536 -0.107139 0.982935
    outer loop
      vertex 0.209541 13.3245 0.0750256
      vertex -0.0703125 13.0445 0.00193119
      vertex 0.290039 13.0445 0.0567522
    endloop
  endfacet
  facet normal 0.149536 0.107139 -0.982935
    outer loop
      vertex 0.209541 13.3245 0.0750256
      vertex 0.290039 13.0445 0.0567522
      vertex -0.0703125 13.0445 0.00193119
    endloop
  endfacet
  facet normal -0.786617 -0.544602 -0.290932
    outer loop
      vertex 0.301636 13.0759 0.344919
      vertex -0.0688934 13.5984 0.368671
      vertex 0.209541 13.3245 0.128564
    endloop
  endfacet
  facet normal 0.786617 0.544602 0.290932
    outer loop
      vertex 0.301636 13.0759 0.344919
      vertex 0.209541 13.3245 0.128564
      vertex -0.0688934 13.5984 0.368671
    endloop
  endfacet
  facet normal -0.802044 -0.575955 0.15812
    outer loop
      vertex 0.1838 13.2827 0.500483
      vertex -0.0688934 13.5984 0.368671
      vertex 0.301636 13.0759 0.344919
    endloop
  endfacet
  facet normal 0.802044 0.575955 -0.15812
    outer loop
      vertex 0.1838 13.2827 0.500483
      vertex 0.301636 13.0759 0.344919
      vertex -0.0688934 13.5984 0.368671
    endloop
  endfacet
  facet normal -0.875683 -0.475344 -0.0850153
    outer loop
      vertex 0.0940933 13.0445 1.50627
      vertex -0.171783 13.5343 1.50627
      vertex -0.136566 13.5692 0.948389
    endloop
  endfacet
  facet normal 0.875683 0.475344 0.0850153
    outer loop
      vertex 0.0940933 13.0445 1.50627
      vertex -0.136566 13.5692 0.948389
      vertex -0.171783 13.5343 1.50627
    endloop
  endfacet
  facet normal -0.848384 -0.512785 -0.131516
    outer loop
      vertex 0.0940933 13.0445 1.50627
      vertex -0.136566 13.5692 0.948389
      vertex 0.154327 13.0759 0.995286
    endloop
  endfacet
  facet normal 0.848384 0.512785 0.131516
    outer loop
      vertex 0.0940933 13.0445 1.50627
      vertex 0.154327 13.0759 0.995286
      vertex -0.136566 13.5692 0.948389
    endloop
  endfacet
  facet normal -0.000412288 -0.0864727 0.996254
    outer loop
      vertex -0.591904 13.5496 0.0457878
      vertex -0.628189 13.0445 0.00193119
      vertex -0.109505 13.5473 0.0457878
    endloop
  endfacet
  facet normal 0.000412288 0.0864727 -0.996254
    outer loop
      vertex -0.591904 13.5496 0.0457878
      vertex -0.109505 13.5473 0.0457878
      vertex -0.628189 13.0445 0.00193119
    endloop
  endfacet
  facet normal 0 -0.0868948 0.996217
    outer loop
      vertex -0.109505 13.5473 0.0457878
      vertex -0.628189 13.0445 0.00193119
      vertex -0.0703125 13.0445 0.00193119
    endloop
  endfacet
  facet normal 0 0.0868948 -0.996217
    outer loop
      vertex -0.109505 13.5473 0.0457878
      vertex -0.0703125 13.0445 0.00193119
      vertex -0.628189 13.0445 0.00193119
    endloop
  endfacet
  facet normal 0 -0.998049 -0.0624361
    outer loop
      vertex -0.57444 13.5692 0.948389
      vertex -0.171783 13.5343 1.50627
      vertex -0.540169 13.5343 1.50627
    endloop
  endfacet
  facet normal 0 -0.998049 -0.0624361
    outer loop
      vertex -0.171783 13.5343 1.50627
      vertex -0.57444 13.5692 0.948389
      vertex -0.136566 13.5692 0.948389
    endloop
  endfacet
  facet normal 0 0.998049 0.0624361
    outer loop
      vertex -0.136566 13.5692 0.948389
      vertex -0.540169 13.5343 1.50627
      vertex -0.171783 13.5343 1.50627
    endloop
  endfacet
  facet normal 0 0.998049 0.0624361
    outer loop
      vertex -0.540169 13.5343 1.50627
      vertex -0.136566 13.5692 0.948389
      vertex -0.57444 13.5692 0.948389
    endloop
  endfacet
  facet normal 0 -1 0
    outer loop
      vertex -0.381752 13.8929 0.0750256
      vertex -0.321594 13.8929 0.236858
      vertex -0.381752 13.8929 0.236858
    endloop
  endfacet
  facet normal 0 -1 -0
    outer loop
      vertex -0.321594 13.8929 0.236858
      vertex -0.381752 13.8929 0.0750256
      vertex -0.321594 13.8929 0.0750256
    endloop
  endfacet
  facet normal 0 1 -0
    outer loop
      vertex -0.321594 13.8929 0.0750256
      vertex -0.381752 13.8929 0.236858
      vertex -0.321594 13.8929 0.236858
    endloop
  endfacet
  facet normal 0 1 0
    outer loop
      vertex -0.381752 13.8929 0.236858
      vertex -0.321594 13.8929 0.0750256
      vertex -0.381752 13.8929 0.0750256
    endloop
  endfacet
  facet normal 0.785531 -0.588077 0.192629
    outer loop
      vertex -0.381752 13.8929 0.236858
      vertex -0.633232 13.6004 0.369408
      vertex -0.591904 13.5496 0.0457878
    endloop
  endfacet
  facet normal -0.785531 0.588077 -0.192629
    outer loop
      vertex -0.381752 13.8929 0.236858
      vertex -0.591904 13.5496 0.0457878
      vertex -0.633232 13.6004 0.369408
    endloop
  endfacet
  facet normal 0.852886 -0.522097 0
    outer loop
      vertex -0.381752 13.8929 0.236858
      vertex -0.591904 13.5496 0.0457878
      vertex -0.381752 13.8929 0.0750256
    endloop
  endfacet
  facet normal -0.852886 0.522097 0
    outer loop
      vertex -0.381752 13.8929 0.236858
      vertex -0.381752 13.8929 0.0750256
      vertex -0.591904 13.5496 0.0457878
    endloop
  endfacet
  facet normal -0.75891 -0.651195 -0
    outer loop
      vertex -0.321594 13.8929 0.236858
      vertex -0.321594 13.8929 0.0750256
      vertex -0.0688934 13.5984 0.368671
    endloop
  endfacet
  facet normal 0.75891 0.651195 0
    outer loop
      vertex -0.321594 13.8929 0.236858
      vertex -0.0688934 13.5984 0.368671
      vertex -0.321594 13.8929 0.0750256
    endloop
  endfacet
  facet normal -0.830033 -0.525242 0.187526
    outer loop
      vertex -0.0688934 13.5984 0.368671
      vertex -0.321594 13.8929 0.0750256
      vertex -0.109505 13.5473 0.0457878
    endloop
  endfacet
  facet normal 0.830033 0.525242 -0.187526
    outer loop
      vertex -0.0688934 13.5984 0.368671
      vertex -0.109505 13.5473 0.0457878
      vertex -0.321594 13.8929 0.0750256
    endloop
  endfacet
  facet normal 0.783551 -0.600298 -0.160282
    outer loop
      vertex -0.853386 13.2051 0.948389
      vertex -0.88472 13.2834 0.501956
      vertex -0.57444 13.5692 0.948389
    endloop
  endfacet
  facet normal -0.783551 0.600298 0.160282
    outer loop
      vertex -0.853386 13.2051 0.948389
      vertex -0.57444 13.5692 0.948389
      vertex -0.88472 13.2834 0.501956
    endloop
  endfacet
  facet normal 0.755298 -0.645827 -0.111498
    outer loop
      vertex -0.57444 13.5692 0.948389
      vertex -0.88472 13.2834 0.501956
      vertex -0.633232 13.6004 0.369408
    endloop
  endfacet
  facet normal -0.755298 0.645827 0.111498
    outer loop
      vertex -0.57444 13.5692 0.948389
      vertex -0.633232 13.6004 0.369408
      vertex -0.88472 13.2834 0.501956
    endloop
  endfacet
  facet normal 0.922629 -0.36364 -0.128536
    outer loop
      vertex -0.853386 13.2051 0.948389
      vertex -0.96331 12.9262 0.948389
      vertex -0.88472 13.2834 0.501956
    endloop
  endfacet
  facet normal -0.922629 0.36364 0.128536
    outer loop
      vertex -0.853386 13.2051 0.948389
      vertex -0.88472 13.2834 0.501956
      vertex -0.96331 12.9262 0.948389
    endloop
  endfacet
  facet normal 0.902459 -0.399612 -0.160869
    outer loop
      vertex -0.96331 12.9262 0.948389
      vertex -1.00426 13.0763 0.345802
      vertex -0.88472 13.2834 0.501956
    endloop
  endfacet
  facet normal -0.902459 0.399612 0.160869
    outer loop
      vertex -0.96331 12.9262 0.948389
      vertex -0.88472 13.2834 0.501956
      vertex -1.00426 13.0763 0.345802
    endloop
  endfacet
  facet normal -0.849389 -0.512756 -0.124979
    outer loop
      vertex 0.154327 13.0759 0.995286
      vertex -0.136566 13.5692 0.948389
      vertex -0.0688934 13.5984 0.368671
    endloop
  endfacet
  facet normal 0.849389 0.512756 0.124979
    outer loop
      vertex 0.154327 13.0759 0.995286
      vertex -0.0688934 13.5984 0.368671
      vertex -0.136566 13.5692 0.948389
    endloop
  endfacet
  facet normal -0.670038 -0.66987 -0.319879
    outer loop
      vertex 0.154327 13.0759 0.995286
      vertex -0.0688934 13.5984 0.368671
      vertex 0.1838 13.2827 0.500483
    endloop
  endfacet
  facet normal 0.670038 0.66987 0.319879
    outer loop
      vertex 0.154327 13.0759 0.995286
      vertex 0.1838 13.2827 0.500483
      vertex -0.0688934 13.5984 0.368671
    endloop
  endfacet
  facet normal -0.909177 -0.361926 -0.20593
    outer loop
      vertex 0.255089 12.9108 0.84059
      vertex 0.154327 13.0759 0.995286
      vertex 0.301636 13.0759 0.344919
    endloop
  endfacet
  facet normal 0.909177 0.361926 0.20593
    outer loop
      vertex 0.255089 12.9108 0.84059
      vertex 0.301636 13.0759 0.344919
      vertex 0.154327 13.0759 0.995286
    endloop
  endfacet
  facet normal -0.908775 -0.362985 -0.205839
    outer loop
      vertex 0.301636 13.0759 0.344919
      vertex 0.154327 13.0759 0.995286
      vertex 0.1838 13.2827 0.500483
    endloop
  endfacet
  facet normal 0.908775 0.362985 0.205839
    outer loop
      vertex 0.301636 13.0759 0.344919
      vertex 0.1838 13.2827 0.500483
      vertex 0.154327 13.0759 0.995286
    endloop
  endfacet
  facet normal -0 -0.998734 -0.0503055
    outer loop
      vertex -0.136566 13.5692 0.948389
      vertex -0.57444 13.5692 0.948389
      vertex -0.0688934 13.5984 0.368671
    endloop
  endfacet
  facet normal 0 0.998734 0.0503055
